183
197
0
30
272
451
140
27
163
324
106
376
81
92
65
499
19
411
256
7
22
48
83
525
25
74
114
3
697
773
443
35
178
377
199
758
91
607
206
755
717
77
290
335
688
337
679
299
87
395
184
488
120
517
68
6
168
66
162
40
16
422
50
86
213
249
12
732
539
44
52
126
685
544
369
560
138
127
385
152
150
179
450
563
561
263
402
45
58
64
629
412
181
713
460
101
662
401
17
304
318
520
387
421
420
490
446
161
75
665
108
516
113
380
783
284
476
76
70
78
97
79
405
678
445
383
700
390
10
334
296
534
414
614
210
259
95
69
232
57
454
222
73
399
157
2
128
455
124
228
297
705
558
491
18
638
230
311
734
364
532
254
212
514
175
24
559
714
437
781
234
93
63
167
204
202
479
744
529
748
718
314
511
729
553
632
330
623
400
131
513
142
355
216
416
14
721
90
701
472
782
676
626
117
677
176
264
735
329
468
84
471
706
696
647
456
693
444
657
379
381
543
125
207
537
294
474
320
38
653
225
301
710
457
224
339
341
61
391
741
784
440
94
203
241
634
698
760
605
271
195
419
227
643
269
720
719
331
506
5
541
531
418
449
438
396
628
645
370
572
458
328
200
428
327
319
298
356
409
247
675
637
43
386
492
750
1
452
348
772
603
576
85
34
105
134
267
672
358
221
708
201
173
103
275
260
568
96
567
728
530
293
621
145
287
278
110
725
20
367
503
483
359
439
333
523
566
574
738
309
378
88
470
205
435
502
447
599
761
316
413
762
765
166
580
507
37
743
365
586
692
279
146
683
292
80
82
67
121
188
466
651
780
143
346
350
608
442
592
596
602
171
403
427
467
547
619
164
192
196
448
480
189
366
660
51
681
133
149
186
194
262
310
388
372
392
393
431
433
554
722
583
620
630
123
217
193
240
352
361
424
496
535
570
585
644
704
778
211
473
635
219
633
374
616
4
8
9
11
13
15
21
23
26
28
29
31
32
33
36
39
41
42
46
47
49
53
54
55
56
59
60
62
71
72
89
98
99
100
102
104
107
109
111
112
115
116
118
119
122
129
130
132
135
136
137
139
141
144
147
148
151
153
154
155
156
158
159
160
165
169
170
172
174
177
180
182
185
187
190
191
198
208
209
214
215
218
220
223
226
229
231
233
235
236
237
238
239
242
243
244
245
246
248
250
251
252
253
255
257
258
261
265
266
268
270
273
274
276
277
280
281
282
283
285
286
288
289
291
295
300
302
303
305
306
307
308
312
313
315
317
321
322
323
325
326
332
336
338
340
342
343
344
345
347
349
351
353
354
357
360
362
363
368
371
373
375
382
384
389
394
397
398
404
406
407
408
410
415
417
423
425
426
429
430
432
434
436
441
453
459
461
462
463
464
465
469
475
477
478
481
482
484
485
486
487
489
493
494
495
497
498
500
501
504
505
508
509
510
512
515
518
519
521
522
524
526
527
528
533
536
538
540
542
545
546
548
549
550
551
552
555
556
557
562
564
565
569
571
573
575
577
578
579
581
582
584
587
588
589
590
591
593
594
595
597
598
600
601
604
606
609
610
611
612
613
615
617
618
622
624
625
627
631
636
639
640
641
642
646
648
649
650
652
654
655
656
658
659
661
663
664
666
667
668
669
670
671
673
674
680
682
684
686
687
689
690
691
694
695
699
702
703
707
709
711
712
715
716
723
724
726
727
730
731
733
736
737
739
740
742
745
746
747
749
751
752
753
754
756
757
759
763
764
766
767
768
769
770
771
774
775
776
777
779
785