183
197
272
30
0
140
451
163
499
92
376
27
81
7
48
19
65
106
256
411
22
25
83
87
3
74
525
120
40
114
324
443
68
299
168
732
249
184
52
77
12
488
66
539
697
44
35
773
679
369
395
162
560
6
401
178
377
50
263
561
385
517
86
544
563
16
685
520
45
126
179
629
17
284
320
58
5
304
420
755
101
213
412
506
383
450
150
421
476
402
296
422
167
380
241
479
662
127
713
783
61
445
339
64
348
405
356
572
381
387
490
772
75
416
346
614
138
143
364
390
210
247
414
460
678
271
516
519
199
297
605
738
331
446
608
714
113
581
152
181
242
543
599
734
743
298
491
601
781
84
216
230
316
483
603
334
606
721
212
341
358
609
70
91
379
391
532
611
108
419
471
672
710
95
318
534
675
76
85
399
457
753
134
254
287
330
474
757
93
161
294
295
638
643
744
762
176
206
332
628
693
768
157
384
645
774
117
131
204
207
269
413
529
576
708
758
776
21
80
90
314
468
533
719
38
274
283
311
440
472
511
514
568
632
784
71
128
221
227
275
285
350
449
503
69
78
96
109
125
202
286
351
370
455
546
566
575
651
700
2
10
43
97
116
333
353
531
627
717
750
82
118
145
203
225
259
279
335
355
437
470
541
596
610
718
741
24
73
88
155
222
327
344
388
480
549
574
602
673
720
729
780
1
18
110
159
211
264
366
378
396
456
458
492
502
507
617
647
674
677
37
51
79
142
165
228
260
292
301
328
382
400
494
523
554
621
636
692
701
709
752
782
14
36
55
146
175
185
190
200
224
278
302
359
367
386
433
452
473
567
583
616
663
722
754
20
34
59
94
103
123
136
171
180
191
192
195
258
267
338
415
431
439
481
600
633
635
666
706
707
760
761
29
67
166
169
182
188
196
201
244
312
329
340
368
417
428
442
478
530
556
604
637
686
711
765
4
15
33
39
41
49
99
107
111
121
129
133
141
149
164
189
198
229
232
251
281
289
303
315
337
360
365
392
418
423
466
484
579
582
590
612
618
652
654
659
669
676
712
759
766
665
173
193
217
293
319
553
683
725
728
28
32
57
112
186
194
219
220
234
237
239
240
262
265
300
309
310
326
352
361
372
374
393
424
427
435
441
448
469
498
537
570
580
592
630
644
653
655
660
688
696
704
778
785
23
26
31
42
53
56
100
115
130
132
139
151
172
208
215
238
243
248
253
255
273
276
290
308
317
325
343
347
363
394
397
403
407
408
425
426
429
447
453
459
465
485
493
497
513
518
522
524
535
547
557
559
577
586
594
595
619
639
680
681
687
695
715
739
767
769