0
30
106
324
92
81
499
22
65
7
19
256
411
25
3
74
525
27
443
83
272
299
48
114
163
77
87
376
120
451
140
197
184
66
35
40
697
488
168
68
249
732
539
12
52
44
679
178
162
773
50
395
86
517
369
561
183
6
16
560
544
401
263
385
179
685
45
563
421
150
402
126
420
629
17
58
422
304
213
412
383
75
450
284
445
199
783
138
127
516
334
713
296
91
101
678
460
414
476
380
5
405
662
614
320
446
534
152
390
318
416
738
743
387
520
755
167
339
479
332
506
381
181
242
734
206
341
758
297
61
781
331
316
572
379
384
161
210
419
95
298
638
212
378
721
287
117
744
295
399
333
230
490
413
73
335
700
710
386
665
437
64
418
607
760
532
491
254
283
195
471
449
533
285
391
294
688
113
286
543
457
70
337
177
344
204
216
474
440
84
637
382
157
330
763
696
38
275
2
234
26
415
85
598
632
76
595
597
134
93
69
628
636
645
94
441
290
349
417
514
718
269
10
388
581
97
651
706
358
79
225
202
519
455
301
357
483
741
478
49
425
756
78
764
90
654
503
24
531
492
511
169
472
175
711
745
722
261
683
701
634
232
145
227
575
328
453
82
14
314
677
723
370
63
523
123
728
103
278
567
470
553
435
360
268
192
666
238
190
467
29
139
18
771
364
501
742
21
667
397
207
776
311
484
71
226
708
631
243
557
124
736
171
107
656
172
231
248
276
527
209
4
630
193
716
323
164
217
707
319
601
67
151
108
321
289
174
253
712
617
583
622
56
203
398
89
121
409
485
400
239
709
546
675
554
694
191
644
574
468
96
580
652
221
265
147
224
535
672
552
214
509
587
403
717
374
648
576
670
279
368
778
547
768
608
282
751
433
170
528
660
42
646
615
558
59
315
749
274
102
322
725
148
489
669
618
748
714
33
189
34
218
53
737
571
144
735
639
606
538
201
430
37
271
545
241
605
408
779
621
28
429
464
508
602
47
312
588
99
566
260
350
105
155
119
219
110
277
222
309
229
555
158
359
136
765
469
747
373
647
590
365
750
603
246
188
111
604
540
585
371
293
363
493
703
88
551
582
757
208
782
348
625
133
36
505
473
774
436
462
104
266
313
537
577
642
729
259
524
252
346
156
609
659
568
495
281
118
267
431
288
731
302
211
432
166
447
142
579
518
233
500
444
54
159
777
427
584
596
264
529
733
325
305
570
336
727
257
624
137
220
176
439
270
515
690
496
60
9
100
180
228
407
497
686
650
356
562
542
549
482
480
772
521
664
375
146
317
131
466
424
307
730
355
72
215
754
692
250
507
522
15
236
367
80
643
613
769
393
223
194
372
366
39
343
310
11
658
434
616
704
143
428
32
426
8
98
623
389
352
599
504
291
766
740
327
46
512
668
306
173
338
487
611
702
351
423
377
676
626
132
526
536
682
695
300
724
699
258
160
125
154
273
785
130
404
752
326
550
116
759
438
247
109
649
610
362
627
135
458
292
705
530
41
149
661
619
251
128
410
196
477
187
486
569
684
463
20
612
112
396
262
653
475
481
165
62
353
394
635
255
513
762
361
461
591
115
594
235
780
564
671
245
141
23
502
494
392
459
784
655
698
753
51
55
1
244
354
589
715
761
600
674
739
442
593
345
689
43
541
342
465
746
186
303
726
767
452
448
153
573
122
641
456
185
720
510
657
129
556
406
280
57
454
775
237
770
13
592
673
663
640
329
548
620
681
565
691
200
31
308
687
559
182
198
498
205
578
633
693
586
340
240
719
347
680