183
197
272
30
0
140
451
163
499
376
27
92
81
48
7
19
65
256
411
22
106
83
25
87
3
525
74
120
40
114
68
443
299
732
168
324
249
12
488
184
539
77
66
697
44
52
35
679
401
263
395
544
561
517
162
369
773
6
560
685
520
178
86
50
179
385
5
16
506
563
167
150
45
490
402
17
126
304
629
476
734
377
213
75
61
405
445
479
581
420
519
572
101
450
662
713
358
421
422
483
58
364
412
127
391
575
138
181
210
314
738
437
64
284
638
743
781
230
460
152
320
529
745
755
69
511
678
76
637
669
729
117
199
440
380
516
70
503
783
93
161
254
636
95
264
663
744
269
687
10
73
113
318
399
97
157
204
241
128
294
383
714
90
296
446
523
533
665
370
721
780
134
142
225
348
532
85
330
414
491
772
200
339
356
546
627
628
645
549
614
617
706
741
355
387
416
608
611
331
346
710
108
143
247
271
274
332
379
601
605
606
609
677
757
91
196
286
309
350
419
599
603
643
672
673
675
753
761
762
765
768
770
774
776
216
316
351
353
381
534
610
674
752
754
758
766
769
242
275
335
543
84
298
328
386
390
418
582
145
202
212
227
333
388
400
468
492
644
735
82
295
297
378
458
478
693
700
14
94
173
203
285
334
341
382
384
413
415
457
512
587
79
287
417
99
169
261
283
310
344
425
471
623
63
206
431
434
470
51
176
696
131
373
472
531
554
633
175
267
276
449
456
647
785
201
302
466
723
2
121
224
234
494
657
694
311
441
676
719
728
132
207
474
502
514
680
705
29
38
39
80
125
135
308
778
260
389
651
652
21
632
634
681
455
653
217
359
507
78
166
541
718
720
34
240
245
259
439
481
538
568
622
784
278
435
553
96
327
410
480
566
701
717
185
188
189
232
255
182
209
219
221
477
487
570
574
698
722
37
123
195
265
279
319
372
428
444
576
621
683
779
18
257
321
365
423
424
438
518
527
585
777
180
237
315
427
452
453
620
660
707
46
366
407
433
513
725
760
24
100
146
235
552
612
690
708
716
9
174
262
367
473
565
709
750
782
20
149
198
211
222
266
292
307
392
408
409
635
664
711
712
715
1
43
55
57
88
103
258
432
448
504
559
567
192
454
497
537
598
607
619
746
33
71
109
116
118
133
136
155
159
165
190
191
312
360
368
394
442
496
510
583
616
659
36
59
104
105
122
289
305
325
340
475
505
590
596
602
699
751
177
193
218
352
354
361
396
515
655
691
692
49
158
164
291
301
329
357
436
447
571
595
654
748
72
137
205
208
465
547
550
630
703
764
110
115
129
130
141
187
194
280
349
375
469
508
509
584
597
618
625
626
688
26
28
67
228
281
337
403
493
528
535
558
580
650
666
695
724
4
112
144
171
186
293
338
362
393
586
588
600
604
686
733
759
767
775
31
32
41
53
98
170
303
463
522
557
564
641
689
8
124
153
244
251
306
343
404
406
426
459
489
542
556
579
592
639
640
649
670
704
726
731
763
23
111
139
151
220
229
233
246
253
290
300
317
363
374
430
461
530
548
658
727
737
740
749
54
56
89
156
238
250
282
288
484
498
551
569
615
631
682
702
11
13
15
62
148
154
172
248
273
277
313
322
326
397
485
486
524
526
589
594
613
642
661
671
684
730
736
739
747
756
42
47
107
119
160
215
239
347
398
467
482
500
521
536
573
577